660

61111188 285, 284, 569, 782. ¹
8811111188 16188188 780.
Humor« 141.

Η111888188 706.
ΙΙ811888188 (Ι. 47) 277. (Ι. 56) 237. (Ι. 65) 718. (Ι. 80)

134. (Ι. 194) 203. (Ι. 202) 66. (Ι. 214) 66. (11.188)
161. (ΙΙ. 121) 627. (ΙΙ. 148) 162. (ΙΙΙ. 14) 198.
(ΙΙΙ. 27) 307. (ΙΙΙ. 37) 97. (ΙΙΙ. 38) 97. (ΙΙΙ. 74) 66.
(ΙΙΙ. 155) 97. (ΙΙ. 12) 444. (ΙΙ. 79) 97. (ΙΙ. 125)
’66. (ΙΙ. 127) 66. (ΙΙ. 141) 621. (ΙΙ. 148) 238.
(ΙΙ. 157) 68. (Ι. 25) 492. (Ι. 27) 79. (Ι. 106) 50.
(ΙΙ. 55) 414. (ΙΙ. 56) 481. (ΙΙ. 57) 720. (ΙΙ. 85)
339. (ΙΙ. 124) 501. (ΙΠ. 9) 97. (ΙΙΙ. 15) 66,312,
627. (ΙΙΙ. 29) 463. (ΙΙΙ, 59) 476. (ΙΙΙ. 102) 66.
(ΙΙΙ. 103) 66. (ΙΙΙ. 104) 66. (ΙΙΙ. 140) 444. (ΙΙΙ.
145) 320. (ΙΙΙ. 154) 443. (ΙΙΙ. 169) 115. (ΙΙΙ. 209)
66. (1111. 118) 659. (11. 88) 818. (1118888.
(11. 81) 644.

Η111188811 (Ρ81888-) (1186811111 30.

Η1181811188 81, 82, 98, 117, 128, 148, 169, 160, 167,
170,176, 179, 180, 196, 240, 242, 261, 265, 279,
281, 282, 285, 598, 415, 428, 469, 472, 475, 479,
488, 606, 682, 692, 605, 622, 700, 751, 745, 792.

Η1118811188 81811181 145, 602.

Η1818811841168ε181 8.

Romus 169, 204, 218, 252, 592.

ΙΙ11811818 κατὰ Δημοσθένους 746.

hunuanus de vita Pythagorae 559.

Inscriptiones Graecae 260, 568, 569.

1811188155, 255, 256, 557, 469, 614, 676, 604, 617,
629, 658, 751. ”

1888111188
πρὸς Δημόνικον (12) 362.
πρὸς Νικοκλέα (5) 533. (8) 363. (45) 154. (52) 320.
Πανηγυρικός (11) 136. (96) 120. (87) 359.

Φίλιππος (40) 363. (64) 753.

’11181811 (1) 351. (88111. (11) 642. (88) 626.
(81) 439.

 

