999

(117) 466, (119) 550. (120) 566, 776. (177) 566.

(156) 751.

liber v. (cap. 9) 777. (7) 777. (77) 994. (19) 777,

585, 767. (71) 578. (77) 566. (75) 585. (50) 566.

(44) 576. (66) 756. (116) 477.

liber 61. (cap. 70) 694. (74) 566. (47) 566, 406. (65)

67. (61) 67. (67 ) 168 (66) 487. (76) 79.

liber 611. (cap. 7)67. (71) 566. (78) 149. (7 (7)67.

liber 6111. (7.7)7. 6) 559, 566. (6) 559. (16) 576. (76)

697. (77) 777. (77) 779 (77) 777. (67) 777. (77)

566, 406. (7 9)475.

6777077777 71.

’1777777777 60.

Tragici 17777711 154, 760, 547, 545, 591.

'sumnus 347.

1177777777 16, 104.

1177977797.

Ἀγησίλαος 755.

Ἀθηναίων 7777777177 684, 758-766.

’1177737777

Liber 1. (cap. 1. § 1) 686. (1. 7) 599, 400. (1.6) 416.
(1.7) 399. (1.8) 400. (1.9) 407. (11. 9) 407. (11.
77)617. (11. 76) 408. (11. 27) 408. (111. 7) 406, 408.
(111. 11) 614. (111. 14) 408. (111. 16) 408. (11118)
408. (111. 19) 406. (111. 70) 408. (16. 7) 408. (16.
5) 409. (16.4) 617. (16.7) 409. (16. 8) 409. (16.
9)409. (16. 17) 409. (16. 15) 409. (16. 14) 409.

(17. 19)410. (717. 77) 779 (v. 9) 777, 777776.
(11. )9777. (v 79) 777 (677)777.(11.77)777.
(61. 10) 415. (61. 11) 414. (611. 5) 414. (611. 4)
414. (611. 6) 774,406, 414. (6119) 416. (61115)
419. (611.18)416. (6111. 6) 416. (6111. 6) 416.
(6111. 15) 416. (6111. 18) 417. (6111. 27) 417. (6111.

77) 777. (7777 77) 419 (7777. 77) 419. (17. 77)
419. (444. 19) 419 (77. 77) 777 (x. 1.)419 (x.
77721747107777μ777 (7. 79777. (7. 77) 420. (1 77)

 

