989

515. (55. 10) 515. (55. 11) 513,557. (11.19)515.
(11. 11) 555. (55. 5ο) 555. (55.55) 555. (55. 51)
555. (555. 1) 951. (111. 9) 519. (555. 5) 555. (55.5)
555. (55.5)555. (55.5)555. (lv.19)511,557.
(55. 15) 555. (5.5) 509. (5.5)555. (5.5) 555.
(5. 5) 555. (5. 5) 555. (5. 5) 555. (5. 10) 555.
(5. 55) 555. (5. 19) 559. (5. 55) 555.

5109115. (15) 559. (5. 0) 555. (5. 55) 555. (5. 55)
555. (5. 55) 555. (5. 55) 555. (5. 59) 501. (55. 5ο)
555. (111.1)599. (555.5)555. (555. 91) 559. (55.
9) 555. (55.5)555,555. (55. 10) 599. (55. 55)
555. (55. 19)559. (5.5)555. (5.5)555. (5.5)
555. (5.5ο)555. (5. 15) 555. (5. 15) 511. (5555. ¹
9) 555. (5555. 5) 555, 555. (5555. 5) 555. (5555. 55)
555.

115915.(1.9)91,514. (5. 11) 911. (555555. (5.
55) 551. (55.5) 105. (55.5)555. (55. 5) 555 sqq.
55. 5) 555. (55. 55555. (55.55) 555,555. (55. 51)
555. (55. 55( 555. (555. 5( 555, 555. (555. 10) 555.
(111.19)515. (111.15)595. (111.19)515. (555. 91)
555. (55. 1) 519. (55. 10) 599. (55. 55) 555. (55.
50) 551. (55. 95) 515. (55. 55) 555. (55. 59) 555.
(55.55) 555. (55. 55( 555. (55.55) 555. (55. 55)
555. (55. 50) 915. (55. 55) 555.

Liber 55. (5. 5) 555. (5. 5) 559. (5. 5( 555. (5. 5)
555. (5. 55)555. (5. 13) 510. (5. 15) 510. (55.55)
555. (55.55)555. (55. 5ο) 510. (55. 91) 599. (55.
90510. (55. 59) 519. (55. 55) 555. (555. 5) 555.
(555. 5) 510. (555. 5) 555, 555. (555. 10) 595. (555.
19) 555. (55.5)555. (55. 5) 555. (55. 5( 519.
(15.15)519. (55. 55) 555. (55. 55) 555. (55. 55)
555. (55. 55) 519. (55. 55.) 555. (55. 55) 555.
(5.5)555. (5. 19) 555. (5.55)555,5ι5. (5. 19)
519. (5. 5ο) 555. (5. 55) 595, 555. (5. 55) 555.
(5.55)555. (555555. (v.55)515‚571. (5.55)
555555. (5.55)555. (5.55)555. (555555.
(v.19)950. (5. 55) 555.

 

