877

4111111100 171, 507, 475.

1111111101 95.

11101100 60, 155.

11110195.

111011 199.

(1111111101υο 109, 405.

0111111100 599.

1111111101 579, 575, 491, 559, 786.

91011110 88, 198, 199, 574, 641.

91111010 nummus 985, 984, 545, 498, 506.

(1011101 incerti 175, 594, 541, 545, 515.

9111110 (10111000 18, 149, 150.

11111110 91111000 190.

(1111111100 18, 97, 51, 115, 146 sqq. 149.

(10111100 iunior 119.

811110 8101111 178.

1111010100 94.

1111011100 περ) Ἑρμηνείας 150, 404, 488, 510.

[1110011100 591, 819.

1111011000 9.

111100101110

(pag. Steph. 14, 19) 519. (94, 90) 515. (95, 95) 650.
(54, 94) 596. (41,99) 999. (45, 19) 645. (80, 90)
457. (84, 96) 175. (86, 9) 106. (95, 16) 65, 458.
(115,15) 661. (115, 99) 958. (118,96)998. (194,
95) 998. (198, 97) 545. (198, 98) 694. (155, 95) 628.
(155,5) 605. (158, 18) 998. (151, 95) 646. (169,
90) 849. (171,19) 656. (178,9) 996. (179,8) 574.
(179,15) 600. (184,1) 75. (185,9) 997. (199,19)
605. (900,17)519. (900, 91) 457. (909, 10 sqq.)
100. (906,97) 60. (916,11) 705. (917,4)65,458. ¹
(956,9) 515. (956,8) 515. (957,10) 555. (964,98)
574. (978, 10) 60. (989,17)65. (985, 9) 65. (500,
91) 198. (500,94)585. (501, 15) 574. (597,6)519.
(599, 95) 998. (560, 11) 511. (568,8) 585. (571,
18) 569. (579, 95) 456. (589, 7) 65. (589, 8) 458..

(001,11)000. (1ο1,11) 001. (111,10) 010. (110.
1) 110. (111,10) 101. (110, 11) 000. (110, 1) 010.

 

