879

258, 979, 975, 274, 988, 289, 290, 564, 446, 467,
555, 556, 589, 589, 705, 795.

1111111111 119, 119, 199, 601.

5111111118111111 145.

1911111111 77, 90, 118.

11110111 548.

anemius 796, 727.

Eucaerus 55.

amaus 655.

Eatenus 122.

5111111111 11, 20, 58, 77, 111, 151, 158, 457.

1711111111 198, 146, 515, 565, 601, 789.

5111111151, 52, 105, 111,159, 155, 154, 155, 166, 160,
161. “

Eumenes
Alcestis 109, 975, 525.

Andromache 911, 505.
Cyclope 915, 999.
Electra 198, 994.

Hecuba 60.

Helena 86, 185 sqq.

Heraclidae 292 sqq. 227.

Hercules Furens 954.

Hippolytus 996, 505.

Ian 196, 579.

1951911111 Aulidensie 211, 919, 964, 505.

1951911111 Taurica 188, 205, 755.

9111111996.

Orestes 198, 201.

Phoenissae 990, 456.

Rhesus 992.

Troades 991, 505.

fraqmeaea 14, 75, 85, 84, 85, 197, 201, 970, 292,

995, 295, 476, 554, 560, 569, 569, 605, 618, 686.

8111111111 8101111 505, 616. ’
8111111111 704.
81111151 tragicus 481.
mnas 11111111 944, 555, 499.

 

