INBEX 6691990009

QUORUM 2001 TRAG'I'ANTUR.

ψ

4111111111 'fmus 578, 487.
41111111 780.
4111111111 90.
in Timarchum 65, 90, 95, 991, 958, 959, 959, 551,
” 4.
414531514919115111 999, 574, 469, 474, 699, 696, 698,
640, 645.

in Ctesiphontem 97, 101, 105, 104, 114, 194, 999, 945,
971, 554, 551, 495, 456, 445, 455, 619, 591,

598, 589, 699, 755, 779, 790.

4111111111 86, 995, 491.

4111111111 498.

41111111 797.

4111111 55, 54, 55, 56, 119, 190, 19111111, 984, 551,
459, 561, 610, 614.

4111111190, 59, 69, 77, 140, 685.

411111111111 19, 77, 107, 614.

4111111111 695.

41111111118111111 75.

4111111111 196, 180.

4110111111 74, 154, 909, 994, 509, 555, 587.

4111111111 8111111 169, 165, 170, 919, 511.

411111111111 694.

41111111116, 11, 19, 14, 15, 16, 19, 90, 91, 55, 75,
80, 108, 199 sqq„ 419, 614.

 

