878

(459, 9) 628. (465, 28) 245. (489, 15) 228,· (499, 24)
629. (555,19)456. (556, 6) 64, 459. (559, 54) 107.
(554, 28) 628. (551, 27) 655. (556, 20) 456. (567, 2)
582. (568, 8) 79. (576, 1) 575. (565, 26) 550. (595,
17) 456. (597, 16) 226. (666, 4) 226. (614, 16) 529.
(617,6) 456. (654, 7) 515. (656,19) 455. (661, 9)
65, 459. (666, 7) 260. (669, 9) 656. (672, 11) 642.
(675, 12) 609. (701, 26) 524. (727, 16) 245. (755,
2) 515. (757,17) 456. (764, 15) 780. (770,18) 279.
(771, 2) 619. (776, 7) 225. (762, 19) 557. (784,19)
469. (767, 22) 596. (769, 25) 705. (790, 22) 265.
(799, 24) 257. (605, 15) 626. (607, 10) 525. (817,
1) 447. (856,11)645. (649, 26) 529. (910, 7) 562.
(958, 16) 652. (974, 21) 606. (977, 25) 609. (1046,
25) 228, 574. (1052, 26) 548, 609. (1069,21) 595.
(1080, 2) 257. (1090, 25) 526. (1091,5) 604. (1099,
17)526. (1105, 20) 587 (1117, 25) 619 (1142, 26)
154. (1145, 5) 445 (1145, 4) 555 (1154 45) 555.
(1161, 12) 556 (1161, 16) 260 (1167, 5) 555 (1176,
14) 751 (1179, 27) 605 (1198, 6) 684 (1204, 12)
557. (1206, 2) 565 (1210, 9) 551 (1220, 15) 556
(1251,11)529. (1254, 2) 779. (1257,21) 751. (1259,
10) 585. (1299, 11) 589. (1505,15)545. (1505,25)
686. (1510,10) 552. (1514,11)592. (1517, 25) 175.
(1558,10) 782. (1545, 12) 751. (1546,6) 66. (1557,
5) 555. (1551, 45) 557. (1575, 5) 515. (1511,4)
552. (1580, 16) 642. (1580, 25) 751. (1591,25) 229.
· (1590,9) 226. (1455,2) 527. (1445,14)604. (1454,
11) 454. (1455, 5)555.
0411454155 704.
Ι11111115115596,119, 265, 547, 565, 585, 594, 604, 628, 751.
1115 61551115 175, 469.
1115 55415511511115 484, 781.
Ι11511511115851115115 121.
1115551155 8115155 124, 406, 425, 460, 461, 484, 469, 492,
505, 565, 566, 672, 732, 766.
515511454155115 104, 257, 516, 542, 664, 669, 677.
1115511155 8111515515515515 74, 191, 226, 227, 252, 241,

 

