881

’1555555545 (33) 466. (43) 269, 643. (44) 351.
περὶ Εἰρήνης (5) 5363. (46) 566.
Εὐαγόρας (6) 107, 310 (30) 555. (33) 526. (44) 615.
Βούσιρις (5) 5528. (49) 262.
Παναθηναίικός (50) 262. (70) 120. (262) 437.
κατὰ τῶν Σοφιςῶν (5 ) 438.
περ) Amadum (175) 752. (311) 364.
τραπεζιτικός (21) 336.
{meam (Vll. ll) 364.
15111555 116, 117, 118, 190, 332, 334, 555, 579, 779.
Lexicon Rhetoricum 1255515 subiectum 282.
was 68, 185.
15551555 περὶ ὕψους 611, 645.
Lucanus 613.
11555555 65, 338, 348, 439, 557, 567, 583, 628, 642.
Lvsus.
(122) 517. (11. 7) 106. (.11 21) 164. (11. 26) 519.
(11. 28) 164. (11. 45) 521. (111. 24) 560. (111. 27)
622. (111. 55) 176. (111. 58) 561 (IV. 7) 124 (lv.
15) 567 (1114) 781. (14151) 577. (11158) 561.
(1111. 21) 125. (Χ 20)7. (111. 15) 551. 1111119)
164. (1111. 72) 627 (1111. 77) 202. (11111. 6) 164·
(1111.15)164. (11111. 25) 577. (1111115) 167. (XVI.
20)561,500. (11111111) 552. (1111110555. (111111.
15) 561. (XIX. 511555. (XX. l) 629. (XX. 2) 276.
(XX. 12) 562. (111115) 557. (111111.7)562. (XXXV.
1) 465. (11111118) 554. (XXIV. 26) 202. (11111127)
202. (XXV. 27) 551. (11111111. 4) 554. (11111116)
226. (1111119) 561 (1111110561. (111111.7)622.
(XXX. 20) 557. (XXX. 52) 555. (XXXI. 22) 270.
(XXXI 54) 509. (XXXX. 58) 175
1159555515 56, 52, 65, 104, 158, 665.
1115555155555 liber 11. 81.
anus ’115155 631.
1155155515 22, 24, 30, 32, 36, 39, 40, 41-94‚ 621, 695,

738.
5 l

1155115555 1115155 677, 756.

 

