876

4111411017, 177, 557, 560, 568, 555, 611, 618, 646,

651, 699, 751.

Ανοιιοοοηυε Gomcus 115, 114.
Ammona Lexicon flmmeum 405.
Avouofflffls 145. ,

44411108 161.

Amos 159.

1151515150, 141.

Αιιιετιυκε 78, 551.

Amsrounmns 141.

Amsromuuns

Ασήανπθηεθε5, 10, 50, 80, 157, 197, 141, 169, 455,
659.

Aves 60, 61, 111, 116, 141, 145, 177, 181, 191, 100,
108, 146, 147,156, 514, 555, 411, 415, 686, 687,
614, 659, 664, 684.

Ecclesiazusao 61, 115, 560, 466.

Equites 57, 65, 166, 167, 141, 517, 411, 455, 604,
705.

Lysistrata 17 , 61, 145, 171, 110, 141, 516, 414, 428,
440, 706.

Nubes 69, 60,109,115, 117, 146, 166, 595, 611, 511,
606, 696.

Pax 51, 60, 106, 145, 145, 166, 104, 156, 515, 410,
655, 696.

Plutus 18, 108, 444.

Ranae 181, 191, 116, 578.

Thesmophoriazusae 61, 111, 115, 116, 155, 156, 516,
561, 645.

Vespae 17, 57, 60, 189,109, 146, 155, 595, 659,
688, 788.

Fraymenta 5, 4, 11,18,19, 16, 19, 59, 57, 119,
157, 165 sqq. 608.

4413104401 118.

Αιιιετοτεικε 150, 517 , 585, 615, 692, 719, 801.
Ακιετοτειιε vita inedita 547.

Ammonos 499.

Anmmus 468.

 

