811166 776.
Scholia in Α66611111611661.

Scholia in 6116116111 669.

8611611616 6116161616611 10, 412.

Scholia 766616 ad Iliadem 218.

Seolion 41116661 591.

8611166116 116, 140, 187, 192, 195, 200, 210, 211, 016,
019, 024, 068, 096, 501, 505, 594, 408, 679, 669,
760, 775.

8111111666 6161616166 177, 607.

81661166 005, 028, 285, 777.

samo 606, 606.

811116 56, 265.

8111166666 ,4111116111 282.

8111111610.

Tabulae Heracleenses 285.

’6611611666 57, 161, 604.

711168166111 569, 409, 677.

’7666161166 606, 666.

’0666611166 199, 265.

Τ611611111611 characteres 52, 174, 176, 190, 568, 406, 406,
429, 668, 696, 698, 776.

7616661666 127.

’6111661116 154, 189, 260, 501, 591.

Τ11161611166061111666 144.

7616161166 6161611666 462.

7666161616.
libarl. (cap. 1) 487. (16) 526, 547. (26) 566. (52) 526.

(61) 616. (66) 661. (61) 661. (11) 161. (61) 611.
(66) 16, 552. (166) 666. (161) 616. (116) 166.

(166) 616.

liber ΙΙ. (616. 7) 699. (12) 599. (54) 616. (60) 701.
(16) 661. (61) 166.

liber 111. (cap. 50) 550. (46) 771. (46) 566. (69) 517.
liber 11. (cap. 16) 611. (66) 616. (6) 616. (11) 616.
(16) 666. (61) 555. (55) 166. (66) 666. (66) 116.
(611661. (66) 666. (61) 611. (61) 555. (95) 555.

 

