888

(7. 18) 407. (7. 16) 498. (71.8) 499. (71. 7) 800.
(71.9) 800. (71.10) 800. (71.11) 800. (71. 16)
801. (71.17)808. (71. 18) 808. (71. 80) 805. (71.
88) 805. (71. 85) 808. (71. 84) 805, 804. (71. 50)
804. (71. 56) 486. (71. 87) 807. (71. 88) 848, 408.
(71. 40) 488. (711. 7) 807. (711. 10) 807. (711. 11)
808. (711. 18) 808, 858. (711. 84) 884. (711. 81)
508. (711. 86) 808. (7Π1. 8) 809, 786. (111111)
809. (7111. 88) 809.

Ἀπομνημονεύματα 91, 104, 888, 514, 587, 684, 647-
705.

Ἑλληνικά.

Liber 1. (cap. 1. 185) 888. (1. 81) 806. (1. 88) 806.
(11. 4) 507. (11. 7) 588. (11. 86) 586. (111. 19) 580,
571. (111. 80) 887. (17. 4,)807 550. (17. 15) 507.
(17. 14) 881. (17. 18) 808. (17. 80) 888. (17. 88)
508. (7. 7) 586 (7 9) 8.19 (7. 16) 508. (71. 8)
808. (71. 4) 549 (71. 15) 588 (71. 14) 858. (71.
18) 148, 508. (7.16) 809, 585. (71. 84) 509. (71.
88) 586, 884. (71. 54) 888. (71. 58) 309. (71. 56)·
809. (71. 87) 887. (711. 1) 879. (711. 4) 809.
(711. 8) 809. (711. ll) 855. (711. 18) 575. (711.
19) 588. (711. 85) 587, 888. (711. 84) 554. (711.
50) 586.

Liber 11. (Ι. 8) 548. (1. 8) 886. (1.19) 548. (1. 80)
586. (1. 88) 584. (Ι. 51) 810. (11. 8) 708. (11.1)
888. (11.8) 506. (11.11) 510. (11.16) 586. (11.
80) 510. (111.14)888. (111.17)510. (111. 19) 588.
(111. 80) 511. (111. 89) 886. (111. 38) 886. (111. 54)
886. (111. 58) 516. (Ill. 41) 510. (111. 48) 558.
(111. 48) 510. (111. 49) 589. (111. 84) 811. (111. 86)
518. (17.10)518. (17. 11) 889 (17. 15) 91858.
(17. 57) 888. (71. 12) 887

Liber 111. (1. 8) 558. (1. 4) 518.

111 (1. 11) 111. (1. 11) 111.
111. , (11. 11111. (11. 11111.

 

