885

1111111111 691.

Euthydemus 56, 68, 163.

6119111 521, 629.

Hippias Maior 623, 641 , 646, 647.

Ia 641.

1191188, 109, 231, 233, 250, 377, 433, 630.

11111221, 278, 618,641.

11111620, 670.

Phaaata 102, 108, 111, 212, 214, 250, 624, 641, 688.

Phaedrus 221, 248, 279, 467.

Pha'tehus 67, 109, 598, 780.

Potitiaas 160, 819, 854, 884.

Ρ111191111 520, 896, 618, 619, 621, 625. ¹

Respublica 64, 165, 255, 245, 566, 876, 878, 782, 777.

Symposium 108, 215, 221, 526, 471, 801, 802, 888,
882, 625.

Theaetetus 82, 147, 181, 185, 277.

Τ811911624.

Timaeus 887.

911118111111 10, 116, 479, 482, 851.
9111111111 Epigrammatum 789.
9111111682.

9111111111.

11011175,178,185, 184, 191, 221, 257, 248, 281,
428, 815, 892, 686, 718, 775.

Masalia 86, 87, 65, 86, 109, 110, 189, 198, 228, 291,
554, 401, 402, 404, 491, 815, 814, 816, 817, 821,
648, 681 , 682, 685, 675, 700, 708, 708, 726, 774.

9111111111(1111111) da 1111811111 484.
Panaenus 617.

9111111104, 108, 186, 160, 691, 776.
9111111118, 116, 179, 482, 851.
91111111 127, 289.

1111111111 148.

91111111111111 ἀποχῆς 405.

9111111111 8, 27, 74, 90, 127.
9111111111 266.

 

